10 10
0.1 0.2 0.3 0.4 0.5 0.6 0.7 0.8 0.9 1
1 2 3 4 5 6 7 8 9 10
0.000982352 0.000793645 0.000708719 0.000692299 0.000230828 0.00035445 0.000146004 0.000135012 0.000114313 0.000114322
0.00812601 0.005116 0.00337192 0.0036253 0.00326333 0.00272355 0.00236743 0.0024262 0.00187571 0.00194863
0.0219941 0.0124234 0.00943137 0.0071326 0.00605153 0.00565422 0.00513928 0.00482483 0.00434559 0.00399142
0.0395782 0.0229588 0.015956 0.013352 0.0115017 0.010111 0.00870647 0.00789364 0.00736433 0.00690874
0.0630322 0.0336584 0.0241312 0.019141 0.0161447 0.0142089 0.012409 0.0115382 0.0108564 0.0097288
0.106206 0.057498 0.0395247 0.0321239 0.026754 0.0231829 0.0214906 0.0189761 0.0170346 0.0158886
0.140274 0.07325 0.0525104 0.0409969 0.0342556 0.0301331 0.0264607 0.024875 0.0231151 0.0208547
0.208423 0.108926 0.0756396 0.0589806 0.0498197 0.0427793 0.0376621 0.0340266 0.0309321 0.0287787
0.271914 0.143233 0.0987722 0.0777707 0.065818 0.0552224 0.0493662 0.0445383 0.0404949 0.038677
0.397267 0.206663 0.14293 0.111967 0.091917 0.079088 0.0697817 0.0613158 0.0560022 0.0508895
