10 10
0.1 0.2 0.3 0.4 0.5 0.6 0.7 0.8 0.9 1
1 2 3 4 5 6 7 8 9 10
0.999 0.989 0.978 0.97 0.968 0.949 0.953 0.95 0.945 0.953
0.987 0.968 0.961 0.946 0.925 0.926 0.9 0.895 0.882 0.873
0.967 0.953 0.925 0.919 0.885 0.883 0.858 0.853 0.832 0.824
0.947 0.926 0.906 0.886 0.861 0.85 0.814 0.814 0.785 0.771
0.913 0.897 0.876 0.859 0.83 0.816 0.8 0.773 0.742 0.741
0.852 0.829 0.817 0.794 0.774 0.752 0.702 0.704 0.667 0.678
0.803 0.789 0.773 0.753 0.716 0.704 0.673 0.652 0.636 0.617
0.69 0.674 0.65 0.627 0.585 0.575 0.541 0.522 0.49 0.474
0.562 0.548 0.515 0.486 0.444 0.429 0.392 0.359 0.343 0.325
0.172 0.163 0.132 0.109 0.104 0.084 0.071 0.069 0.062 0.058
