10 10
0.1 0.2 0.3 0.4 0.5 0.6 0.7 0.8 0.9 1
1 2 3 4 5 6 7 8 9 10
0.00370674 0.00259892 0.00178725 0.000860673 0.000383076 0.000190949 0.000157866 0.000143498 0.000135505 0.000120316
0.011911 0.00724747 0.00570655 0.00467574 0.00380983 0.00322 0.00232638 0.00223437 0.00176689 0.00165964
0.0281811 0.0162599 0.0124956 0.00994362 0.00797345 0.00722595 0.00669885 0.00599459 0.00535132 0.00470045
0.0570575 0.0327488 0.0240067 0.019919 0.016745 0.0139642 0.0123795 0.0111528 0.0101033 0.00979822
0.0820016 0.0457915 0.0330323 0.0265628 0.0224548 0.019934 0.0179251 0.0164113 0.0151186 0.0140502
0.132913 0.0711066 0.052101 0.0419673 0.0340131 0.0299265 0.0265677 0.0246961 0.0221346 0.0202448
0.194714 0.10348 0.0731118 0.0578171 0.048829 0.0421035 0.0365533 0.0335365 0.0312464 0.0282819
0.292629 0.154148 0.107117 0.0839673 0.0700411 0.0603738 0.053127 0.0470639 0.0430148 0.0392414
0.364523 0.191662 0.131786 0.103018 0.084545 0.0741563 0.0652419 0.0569657 0.0520228 0.0473722
0.4804 0.25087 0.171512 0.134087 0.109134 0.0924071 0.0805146 0.0731849 0.0653801 0.0602488
