10 10
0.1 0.2 0.3 0.4 0.5 0.6 0.7 0.8 0.9 1
1 2 3 4 5 6 7 8 9 10
0.991 0.963 0.942 0.926 0.917 0.909 0.91 0.915 0.908 0.907
0.983 0.959 0.919 0.9 0.854 0.849 0.804 0.786 0.77 0.766
0.958 0.934 0.888 0.854 0.809 0.789 0.75 0.73 0.701 0.677
0.919 0.889 0.83 0.8 0.759 0.72 0.686 0.66 0.621 0.616
0.888 0.852 0.808 0.78 0.726 0.713 0.641 0.634 0.59 0.574
0.825 0.808 0.749 0.712 0.663 0.638 0.588 0.59 0.527 0.51
0.733 0.702 0.664 0.624 0.57 0.538 0.496 0.463 0.446 0.406
0.597 0.573 0.527 0.493 0.447 0.422 0.365 0.344 0.307 0.293
0.453 0.419 0.378 0.335 0.287 0.27 0.24 0.21 0.17 0.162
0.11 0.092 0.075 0.066 0.049 0.041 0.03 0.028 0.023 0.015
