10 10
0.1 0.2 0.3 0.4 0.5 0.6 0.7 0.8 0.9 1
1 2 3 4 5 6 7 8 9 10
0.00259108 0.00166652 0.00020987 0.000158824 0.000123779 0.000110993 0.000101244 9.41693e-05 8.7867e-05 7.40455e-05
0.0134905 0.00811603 0.00537919 0.00502282 0.00320302 0.00276941 0.0023395 0.00193634 0.00166296 0.00125341
0.0287536 0.0175017 0.01363 0.0117686 0.0102869 0.00920958 0.00756642 0.00703063 0.00598902 0.00525721
0.0617356 0.0358138 0.0259815 0.0219262 0.0181778 0.0156387 0.0144512 0.0126613 0.0103276 0.00937849
0.112232 0.0636415 0.0451103 0.0371261 0.0303905 0.0278959 0.0239548 0.0213171 0.0186687 0.0165357
0.171811 0.0940074 0.0658524 0.0543541 0.0456253 0.0383558 0.0339927 0.0314689 0.0279162 0.0255374
0.223828 0.12126 0.0852841 0.0671273 0.0550565 0.0490349 0.0432598 0.0373481 0.0343321 0.0315143
0.29834 0.159219 0.112338 0.0860871 0.0731977 0.0620335 0.0540877 0.0485004 0.044156 0.0403467
0.403383 0.212381 0.147067 0.11301 0.0943139 0.0808882 0.0702611 0.0623341 0.0568491 0.0518318
0.498644 0.2603 0.180487 0.139631 0.113732 0.0965268 0.0842223 0.0743322 0.0662761 0.0615118
