10 10
0.1 0.2 0.3 0.4 0.5 0.6 0.7 0.8 0.9 1
1 2 3 4 5 6 7 8 9 10
0.993 0.955 0.918 0.901 0.895 0.888 0.897 0.889 0.888 0.885
0.978 0.94 0.884 0.841 0.798 0.772 0.722 0.735 0.712 0.709
0.958 0.9 0.832 0.785 0.736 0.704 0.645 0.624 0.588 0.582
0.907 0.865 0.798 0.745 0.676 0.65 0.566 0.565 0.517 0.499
0.844 0.796 0.74 0.686 0.625 0.601 0.518 0.51 0.461 0.446
0.762 0.721 0.657 0.615 0.553 0.528 0.445 0.425 0.389 0.363
0.694 0.655 0.601 0.552 0.501 0.466 0.389 0.379 0.327 0.305
0.575 0.541 0.484 0.44 0.39 0.367 0.318 0.301 0.268 0.239
0.397 0.365 0.322 0.283 0.251 0.23 0.188 0.172 0.152 0.137
0.133 0.11 0.085 0.076 0.058 0.05 0.033 0.03 0.024 0.02
